Area: [0, 10451, 10968, 11439, 11866, 12295, 12775, 13357, 14002, 14645, 18914]
Perimeter: [0, 383, 400, 416, 433, 449, 465, 481, 498, 514, 549]
Major_Axis_Length: [0, 154, 163, 171, 179, 187, 196, 204, 212, 220, 240]
Minor_Axis_Length: [0, 64, 69, 73, 77, 81, 86, 90, 94, 98, 108]
Eccentricity: [0, 77, 80, 81, 83, 85, 86, 88, 90, 91, 95]
Convex_Area: [0, 10681, 11231, 11703, 12129, 12572, 13025, 13626, 14308, 14973, 19100]
Extent: [0, 50, 54, 58, 61, 64, 68, 71, 74, 78, 87]
tree: 0
[({85, 86}, {163, 196, 171, 204, 240, 179, 212, 187, 220}, {64, 68, 71, 74, 78, 54, 87, 58, 61}), 'Osmancik']
[({86, 88, 90, 91, 95}, {179}, {64, 68, 71, 74, 78, 54, 87, 58, 61}), 'Osmancik']
[({86, 88, 90, 91, 95}, {212}, {64, 68, 71, 74, 78, 54, 87, 58, 61}), 'Cammeo']
[({86, 88, 90, 91, 95}, {220}, {64, 68, 71, 74, 78, 54, 87, 58, 61}), 'Cammeo']
[({86, 88, 90, 91, 95}, {171, 196}, {64, 68, 71, 74, 78, 54, 87, 58, 61}), 'Osmancik']
[({86, 88, 90, 91, 95}, {187}, {64, 68, 71, 74, 78, 54, 87, 58, 61}), 'Osmancik']
[({86, 88, 90, 91, 95}, {196, 171, 204, 240, 179, 212, 187, 220}, {68, 71, 87}), 'Cammeo']
[({88, 91, 95}, {163, 196, 171, 204, 240, 179, 212, 187, 220}, {64, 68, 71, 74, 78, 54, 87, 58, 61}), 'Cammeo']
[({85, 86, 88, 90, 91, 95}, {163, 196, 171, 204, 240, 179, 212, 187, 220}, {64, 68, 71, 74, 78, 54, 87, 58, 61}), 'Osmancik']